8167318481,
4800393927,
8054602000,
6125193156,
8054434203,
5083190371,
5638324631,
4405477032,
571567790,
931188742,
8370567071,
2242967045,
3254679709,
8223986666,
7776167310,
7776167310,
8216686346,
1747434770,
8216698955,
4763723765,
6144141534,
2318286922,
7941737269,
6144141534,
1807200884,
5596772602,
8296349243,
3680814753,
8216654406,
4452653989,
850237,
2710955670,
3200075947,
1582953538,
3680163181,
3490999148,
1517672602,
7679418570,
7278704545,
2483643407,
4479407437,
4796785967,
8152152910,
8201574249,
662295811,
5179284524,
4417981587,
5179284524,
5158028372,
8047123012,
8216576395,
8106480462,
5654169595,
4417981587,
3662295811,
3585443707,
5236938188,
8321295217,
8378695573,
8229725847,
7836448297,
5306867706,
3781154781,
8376497688,
4673286610,
8071074072,
7247166540,
4391952544,
8234358629,
7375149206,
5342138857,
8232753640,
1696032872,
2830094047,
1736172506,
7137791833,
3591767837,
3729007607,
4417991486,
4076760232,
5702104811,
1512062149,
8220990511,
6129977565,
41395974,
2849219406,
7322432903,
2378154027,
427387928,
2539148856,
6130969738,
7483787446,
7016876326,
2902374932,
4688070447,
27434016,
305966370,
7537613826,
13438553315,
8234070949,
8223348917,
8234259461,
8212144471,
570460,
8418120858,
5710031336,
8200677735,
2600089050,
4007115661,
8507160697,
8491702139,
8418155106,
7654638062,
8221532333,
278388409,
2370454439,
5136566336,
8212961355,
4321483361,
8220977796,
8212675900,
8234591515,
8217261879,
8232483064,
4507091617,
3926258614,
8514706351,
5403264005,
8447421018,
8216940109,
5036685369,
1977934352,
5002799763,
8203975537,
7513450395,
7481700477,
4222118946,
5764028789,
7565836149,
7110891889,
16524179
7063701088,
8281688368,
8334896988,
5099588783
